R1 properties
Reflexive: False
Strong reflexive: False
Weak reflexive: False
Antireflexive: False
Strong antireflexive: False
Weak antireflexive: False
Symmetric: False
Asymmetric: False
Antisymmetric: False
Connective: True
Transitive: False

R1 R2 disjunction 
0.9 0.8 0.6 0.5 0.9 0.7
0.2 0.4 0.7 1.0 0.2 0.3
0.3 0.6 0.8 0.9 0.9 0.6
0.9 0.2 0.6 0.9 0.6 0.9
0.1 0.3 0.3 1.0 0.8 0.9
0.7 0.8 0.8 0.8 0.6 0.8
R1 R2 conjunction 
0.8 0.5 0.6 0.4 0.2 0.2
0.2 0.0 0.4 0.9 0.1 0.2
0.1 0.5 0.0 0.9 0.7 0.4
0.4 0.0 0.6 0.8 0.2 0.6
0.0 0.2 0.1 0.1 0.1 0.2
0.1 0.6 0.5 0.7 0.5 0.5
R1 R2 composition 
0.8 0.2 0.3 0.4 0.0 0.7
0.8 0.4 0.5 0.2 0.2 0.8
0.6 0.7 0.8 0.6 0.1 0.8
0.4 0.9 0.9 0.8 0.1 0.7
0.9 0.1 0.7 0.6 0.1 0.6
0.2 0.2 0.4 0.6 0.8 0.8
R2 R1 composition 
0.9 0.2 0.1 0.9 0.1 0.1
0.5 0.0 0.6 0.0 0.3 0.6
0.6 0.4 0.0 0.6 0.3 0.5
0.5 0.8 0.8 0.8 0.8 0.8
0.2 0.2 0.9 0.2 0.8 0.5
0.7 0.3 0.6 0.8 0.2 0.5
R1 negation 
0.2 0.2 0.4 0.6 0.1 0.8
0.8 0.6 0.3 0.0 0.9 0.8
0.7 0.5 0.2 0.1 0.3 0.6
0.6 0.8 0.4 0.2 0.4 0.4
1.0 0.8 0.9 0.9 0.9 0.1
0.3 0.2 0.2 0.3 0.4 0.2
R1 alpha level 0.5 
1.0 1.0 1.0 0.0 1.0 0.0
0.0 0.0 1.0 1.0 0.0 0.0
0.0 1.0 1.0 1.0 1.0 0.0
0.0 0.0 1.0 1.0 1.0 1.0
0.0 0.0 0.0 0.0 0.0 1.0
1.0 1.0 1.0 1.0 1.0 1.0
R1 advantage 
0.0 0.6 0.3 0.0 0.9 0.0
0.0 0.0 0.2 0.8 0.0 0.0
0.0 0.0 0.0 0.3 0.6 0.0
0.0 0.0 0.0 0.0 0.5 0.0
0.0 0.1 0.0 0.0 0.0 0.3
0.5 0.6 0.4 0.1 0.0 0.0

R1 rational evaluation 
R1 max alternatives 
0.5 0.6 0.4 0.8 0.9 0.3
R1 reversed max alternatives 
0.5 0.4 0.6 0.2 0.1 0.7
