0.943 0.886 0.829 0.772 0.715 0.658 0.601 0.544 0.487
0.964 0.928 0.892 0.856 0.820 0.784 0.748 0.712 0.676
0.690 0.680 0.671 0.661 0.651 0.641 0.632 0.622 0.612
0.645 0.624 0.603 0.582 0.561 0.540 0.518 0.497 0.476
0.697 0.727 0.757 0.787 0.816 0.846 0.876 0.906 0.936
1.000 1.000 1.000 1.000 1.000 1.000 1.000 1.000 1.000
0.118 0.136 0.153 0.171 0.189 0.207 0.225 0.243 0.260
0.966 0.932 0.899 0.865 0.831 0.797 0.763 0.730 0.696
0.064 0.128 0.192 0.256 0.319 0.383 0.447 0.511 0.575
0.353 0.373 0.393 0.413 0.432 0.452 0.472 0.492 0.512
0.062 0.123 0.185 0.246 0.308 0.369 0.431 0.492 0.554
0.678 0.689 0.700 0.712 0.723 0.734 0.745 0.757 0.768
0.697 0.694 0.691 0.689 0.686 0.683 0.680 0.677 0.674
0.090 0.080 0.070 0.060 0.050 0.040 0.030 0.020 0.010
0.124 0.148 0.173 0.197 0.221 0.245 0.269 0.293 0.318
