матриця індексів узгодження C
0.000 0.647 0.544 0.426 0.765 0.853 0.603 0.824 0.721 0.647 0.824 0.515 0.618 0.397 0.500
0.500 0.000 0.544 0.441 0.574 0.750 0.412 0.603 0.691 0.529 0.544 0.647 0.647 0.279 0.441
0.603 0.559 0.000 0.574 0.603 0.721 0.441 0.588 0.662 0.559 0.471 0.750 0.647 0.338 0.485
0.574 0.559 0.471 0.000 0.794 0.618 0.544 0.676 0.441 0.603 0.662 0.471 0.574 0.441 0.544
0.265 0.426 0.485 0.485 0.000 0.397 0.279 0.544 0.338 0.265 0.485 0.529 0.279 0.265 0.368
0.279 0.485 0.426 0.382 0.603 0.000 0.338 0.485 0.324 0.191 0.412 0.412 0.309 0.103 0.279
0.485 0.632 0.559 0.794 0.735 0.853 0.000 0.794 0.794 0.588 0.750 0.735 0.838 0.441 0.412
0.176 0.500 0.574 0.588 0.588 0.662 0.544 0.000 0.485 0.353 0.647 0.529 0.632 0.235 0.382
0.500 0.412 0.618 0.588 0.706 0.809 0.559 0.794 0.000 0.632 0.676 0.603 0.691 0.176 0.279
0.485 0.544 0.441 0.603 0.809 0.809 0.515 0.647 0.500 0.000 0.515 0.603 0.559 0.338 0.191
0.412 0.456 0.676 0.559 0.853 0.588 0.353 0.588 0.471 0.500 0.000 0.588 0.721 0.221 0.382
0.485 0.559 0.324 0.559 0.618 0.676 0.265 0.574 0.426 0.397 0.412 0.000 0.588 0.132 0.382
0.529 0.559 0.676 0.515 0.721 0.794 0.250 0.529 0.456 0.603 0.471 0.735 0.000 0.206 0.368
0.603 0.721 0.691 0.735 0.882 0.897 0.809 0.794 0.897 0.721 0.794 0.897 0.809 0.000 0.662
0.632 0.662 0.662 0.559 0.632 0.721 0.618 0.721 0.824 0.809 0.618 0.662 0.676 0.500 0.000
матриця індексів неузгодження D
1.000 0.444 0.444 0.667 0.167 0.444 0.889 0.889 0.889 0.556 0.778 0.233 0.556 1.000 1.000
0.667 1.000 0.622 0.467 0.267 0.444 0.889 0.889 0.889 0.556 0.778 0.544 0.556 1.000 1.000
1.000 0.600 1.000 0.667 0.375 0.500 0.667 0.444 0.444 0.700 0.333 0.389 0.311 0.667 0.800
0.625 0.417 0.333 1.000 0.556 0.333 0.778 0.778 0.778 0.444 0.667 0.389 0.444 0.889 0.889
0.500 0.667 0.700 0.889 1.000 0.333 0.889 0.778 0.778 0.467 0.667 0.622 0.444 0.889 0.889
0.533 0.778 0.622 1.000 0.333 1.000 1.000 0.467 0.444 0.389 0.533 0.544 0.467 1.000 0.556
0.500 0.278 0.444 0.286 0.333 0.500 1.000 0.238 0.238 0.375 0.259 0.556 0.833 0.467 0.400
0.500 0.778 0.467 1.000 0.222 0.194 1.000 1.000 0.333 0.400 0.333 0.311 0.333 1.000 0.556
0.750 0.444 0.778 0.667 0.556 0.259 0.667 0.762 1.000 0.389 0.857 0.667 0.857 0.667 0.400
0.600 0.556 0.333 0.778 0.556 0.389 0.778 0.533 0.333 1.000 0.600 0.556 0.533 0.778 0.444
0.625 0.444 0.778 0.667 0.556 0.194 0.667 0.111 0.311 0.500 1.000 0.556 0.625 0.667 0.500
0.700 0.667 0.267 0.889 0.333 0.300 0.889 0.667 0.667 0.600 0.556 1.000 0.467 0.889 0.778
1.000 0.600 0.889 0.667 0.375 0.500 0.667 0.333 0.400 0.875 0.311 0.681 1.000 0.667 0.800
0.583 0.125 1.000 0.778 0.333 0.111 0.571 0.571 0.222 0.583 0.667 0.889 0.571 1.000 0.681
0.643 0.467 0.889 0.444 0.268 0.375 0.544 0.536 0.625 0.500 0.643 0.667 0.750 0.544 1.000
Значення порогів для індексів узгодження та неузгодження c, d
0.545 0.292
Відношення для порогових значень c, d:
0 0 0 0 1 0 0 0 0 0 0 0 0 0 0
0 0 0 0 1 0 0 0 0 0 0 0 0 0 0
0 0 0 0 0 0 0 0 0 0 0 0 0 0 0
0 0 0 0 0 0 0 0 0 0 0 0 0 0 0
0 0 0 0 0 0 0 0 0 0 0 0 0 0 0
0 0 0 0 0 0 0 0 0 0 0 0 0 0 0
0 1 0 1 0 0 0 1 1 0 1 0 0 0 0
0 0 0 0 1 1 0 0 0 0 0 0 0 0 0
0 0 0 0 0 1 0 0 0 0 0 0 0 0 0
0 0 0 0 0 0 0 0 0 0 0 0 0 0 0
0 0 0 0 0 1 0 1 0 0 0 0 0 0 0
0 0 0 0 0 0 0 0 0 0 0 0 0 0 0
0 0 0 0 0 0 0 0 0 0 0 0 0 0 0
0 1 0 0 0 1 0 0 1 0 0 0 0 0 0
0 0 0 0 1 0 0 0 0 0 0 0 0 0 0
Ядро відношення:
1 3 7 10 12 13 14 15
